# tick  O2(mmol/gDCW/h)  CO2(mmol/gDCW/h)  — seed-0 baseline, out/cache, sampled every 20 ticks (issue #143 evidence)
20 -1.4450 0.0000
40 -1.3023 0.0000
60 -0.9904 0.0000
80 -1.2065 0.0000
100 -1.3242 0.0000
120 -1.5279 0.0000
140 -1.5075 0.0000
160 -1.4028 0.0000
180 -1.1810 0.0000
200 -1.2238 0.0000
220 -1.5543 0.0000
240 -1.3815 0.0000
260 -1.3651 0.0000
280 -1.2505 0.0000
300 -1.4006 0.0000
320 -1.2470 0.0000
340 -1.1672 0.0000
360 -1.2990 0.0000
380 -1.2396 0.0000
400 -1.2930 0.0000
420 -1.2156 0.0000
440 -0.0048 1.4767
460 -0.0048 1.8154
480 -0.0048 1.2203
500 -0.0048 2.0590
520 -0.0048 2.3466
540 -0.0047 2.1258
560 -0.0047 2.3627
580 -0.0047 1.9748
600 -0.0047 2.0321
620 -0.0047 1.6713
640 -0.0046 2.2351
660 -0.0046 2.5793
680 -0.0046 1.9330
700 -0.0046 1.0516
720 -0.0045 1.0473
740 -0.0045 2.2900
760 -0.0045 2.2664
780 -0.0045 1.8630
800 -0.0045 1.9955
820 -0.0046 1.7677
840 -0.0046 1.5313
860 -0.0055 3.1016
880 -0.0052 2.9367
900 -0.0053 2.4263
920 -0.0053 3.0276
940 -0.0054 2.1848
960 -0.0054 0.9208
980 -0.0054 3.1408
1000 -0.0054 2.2229
1020 -0.0055 2.8703
1040 -0.0056 2.8077
1060 -0.0056 2.3845
1080 -0.0056 2.7908
1100 -0.0056 2.5260
1120 -0.0057 2.9149
1140 -0.0057 2.3407
1160 -0.0057 2.0569
1180 -0.0057 2.0921
1200 -0.0058 1.0035
1220 -0.0058 2.6141
1240 -0.0058 2.8884
1260 -0.0058 1.9138
1280 -0.0058 2.3771
1300 -0.0058 2.6398
1320 -0.0059 1.8350
1340 -0.0059 3.3569
1360 -0.0059 1.7380
1380 -0.0059 1.6228
1400 -0.0059 2.2305
1420 -0.0060 2.2073
1440 -0.0060 2.7056
1460 -0.0059 2.2761
1480 -0.0059 1.7339
1500 -0.0058 2.4036
1520 -0.0058 1.8039
1540 -0.0058 1.1384
1560 -0.0058 1.6632
1580 -0.0057 2.9009
1600 -0.0057 2.3942
1620 -0.0057 0.9763
1640 -0.0056 0.9036
1660 -0.0056 1.9455
1680 -0.0056 1.3320
1700 -0.0056 1.6934
1720 -0.0056 1.8426
1740 -0.0055 1.5109
1760 -0.0055 2.2495
1780 -0.0055 1.9073
1800 -0.0054 0.8342
1820 -0.0054 1.6856
1840 -0.0054 1.5057
1860 -0.0054 1.5967
1880 -0.0053 1.8705
1900 -0.0053 1.9200
1920 -0.0053 2.1047
1940 -0.0052 1.7409
1960 -0.0052 1.5218
1980 -0.0052 1.2450
2000 -0.0052 1.6793
2020 -0.0051 2.2217
2040 -0.0051 2.1569
2060 -0.0051 1.1640
2080 -0.0051 1.9218
2100 -0.0051 2.0104
2120 -0.0050 1.3235
2140 -0.0050 1.9677
2160 -0.0050 2.2187
2180 -0.0049 1.6125
2200 -0.0049 1.3679
2220 -0.0049 1.0223
2240 -0.0049 2.0692
2260 -0.0049 1.7999
2280 -0.0048 1.0985
2300 -0.0048 1.6676
2320 -0.0048 1.5901
2340 -0.0047 1.5704
2360 -0.0047 1.4245
2380 -0.0047 2.0556
2400 -0.0047 1.5260
2420 -0.0046 0.9393
2440 -0.0046 1.7199
2460 -0.0046 1.6029
2480 -0.0046 1.8600
2500 -0.0046 1.5541
2520 -0.0046 1.7263
